C++: 0.000001
Python: 0.5349554538726806
Julia: 0.1322051482
